6
150 100

0 200 300 400 500 600
200 0 250 350 450 550
300 250 0 150 250 350
400 350 150 0 200 300
500 450 250 200 0 150
600 550 350 300 150 0

2 5
3 7
4 9
5 11
6 13
7 15

50

EP 1 1 2 200 5
SP 1 2 2 200
NP 1 3 2 200
EP 2 4 1 250 5
SP 2 5 1 250
NP 2 6 1 250
EP 3 7 3 300 5
SP 3 8 3 300
NP 3 9 3 300
EP 4 10 4 350 5
SP 4 11 4 350
NP 4 12 4 350
EP 5 13 5 400 5
SP 5 14 5 400
NP 5 15 5 400
EP 6 16 6 450 5
SP 6 17 6 450
NP 6 18 6 450
EP 7 19 2 500 5
SP 7 20 2 500
NP 7 21 2 500
EP 8 22 1 550 5
SP 8 23 1 550
NP 8 24 1 550
EP 9 25 3 600 5
SP 9 26 3 600
NP 9 27 3 600
EP 10 28 4 650 5
SP 10 29 4 650
NP 10 30 4 650
EP 11 31 5 700 5
SP 11 32 5 700
NP 11 33 5 700
EP 12 34 6 750 5
SP 12 35 6 750
NP 12 36 6 750
EP 13 37 2 800 5
SP 13 38 2 800
NP 13 39 2 800
EP 14 40 1 850 5
SP 14 41 1 850
NP 14 42 1 850
EP 15 43 3 900 5
SP 15 44 3 900
NP 15 45 3 900
EP 16 46 4 950 5
SP 16 47 4 950
NP 16 48 4 950
EP 17 49 5 1000 5
SP 17 50 5 1000

10

5 3 2
6 6 1
7 9 3
8 12 4
9 15 5
10 18 6
11 21 2
12 24 1
13 27 3
14 30 4