4
110 75

0   154  587  634
154  0   533  214
587  533  0   945
634  214  945  0

3  11
2  2
6  15
1  2

50

EP  3  1  2  159  5
EP  3  2  2  160  4
EP  3  3  2  158  3
EP  3  4  2  157  2
EP  3  5  2  156  1
NP  4  6  2  140
NP  4  7  2  145
SP  4  8  2  150
EP  5  9  3  200  4
EP  5  10 3  180  3
SP  5  11 3  170
NP  6  12 1  160
EP  6  13 1  165  5
SP  6  14 1  170
NP  7  15 4  180
EP  7  16 4  190  2
SP  7  17 4  200
EP  8  18 2  150  5
EP  8  19 2  155  4
EP  8  20 2  160  3
NP  9  21 2  165
NP  9  22 2  170
SP  9  23 2  175
EP  10 24 3  180  5
SP  10 25 3  185
NP  10 26 3  190
EP  11 27 1  195  4
SP  11 28 1  200
NP  11 29 1  205
EP  12 30 4  210  3
SP  12 31 4  215
NP  12 32 4  220
EP  13 33 2  225  5
EP  13 34 2  230  4
EP  13 35 2  235  3
NP  14 36 2  240
SP  14 37 2  245
EP  14 38 2  250  2
EP  15 39 3  255  5
SP  15 40 3  260
NP  15 41 3  265
EP  16 42 1  270  4
NP  16 43 1  275
SP  16 44 1  280
EP  17 45 4  285  3
SP  17 46 4  290
NP  17 47 4  295
EP  18 48 2  300  5
SP  18 49 2  305
NP  18 50 2  310

15

15  6  2
15  7  2
16  21 2
16  22 2
16  23 2
17  36 2
17  37 2
17  38 2
18  48 2
18  49 2
18  50 2
19  1  2
19  2  2
19  3  2
19  4  2